Ticker,UFPI,AMWD,IPX,EU,USGO,USAU,NB,ABAT,HYMC,ORLY,MAR,DASH,CTAS,SBUX,TSLA,NFLX,COST,AMZN,BKNG,COKE,CPB,SFM,PPC,KDP,KHC,MNST,MDLZ,PEP,APA,VNOM,WWD,PAA,CHRD,EXEEZ,EXEEW,EXE,FANG,EXEEL,LPLA,FITB,FCNCA,HBANM,HBANL,NDAQ,COIN,ABNB,CME,HOOD,IDXX,DXCM,ALNY,GEHC,NTRA,VRTX,GILD,AMGN,ISRG,REGN,FOXA,FWONK,ODFL,BKR,FWONA,ROP,CSX,HON,LIN,AXON,APPS,MVST,BYRN,CTLP,EOSE,FLNC,ENVX,NOVT,IDCC,RUN,AGNCL,GLPI,LINE,AGNCP,REG,AGNCO,SBAC,AGNCN,EQIX,AGNCM,QCOM,ADBE,PLTR,AVGO,META,GOOGL,GOOG,MSFT,NVDA,AAPL,LBRDA,LBRDK,FYBR,ROKU,FFIV,CMCSA,CHTR,CSCO,TMUS,WBD,NWE,CEG,AEP,EXC,XEL,LNT,EVRG,TLN,CWST,OTTR
UFPI,1.0,0.8919546435616863,0.04187632297166216,0.23178061740017333,-0.46490568949952,0.7460912996344357,0.5752523387572118,0.06985946574663728,0.4006409096174314,0.3366844421910671,0.585722107601606,0.3865913344119182,0.8116933348569039,0.2215261256077961,0.5304889895875697,0.8555566951237498,0.6334370986953408,0.8670196097360422,0.7927263386949246,0.6004555767996813,-0.42047377697664734,0.4286662266414633,0.5719884922763202,-0.014642489532221387,-0.5886022361234206,0.5062601730078096,0.4682312456378893,0.2262430375726474,-0.7126184518344643,0.46155311104547697,0.806816943654591,0.2931921634740532,0.04088095878702281,-0.4816835820205373,-0.28048929573825315,0.49640112552762145,0.22839428241812465,-0.15698446163497318,0.43394831881242396,0.7463047776738855,0.5594370464479286,0.9222418575126767,0.6665078991180314,0.7990896353844903,0.25762487719460103,0.3960469520992656,-0.01916867951890121,0.46858741952424615,0.507855891379177,-0.40657969228771845,0.42476668599025774,-0.04741524819112135,0.3067636546847537,0.5957655548142818,0.362527949843061,0.45215298607273186,0.7523262240069937,0.7033769170506531,0.7424668860086385,-0.301424995578768,0.8757645748734199,0.6649738065416855,0.2573469483082556,0.15939588728945894,0.836804354345004,0.6990056520528868,0.10709105797263661,0.5200108701143852,0.6633541833493581,0.7864911233658649,0.42761653852250425,0.6110064520230102,0.243929876563997,0.9134261304315293,0.7506050589566009,0.1418910980036371,0.341744457447354,0.5219102210936712,0.5812485289439742,0.468734123608038,,0.6737547442935842,0.7605710772385621,0.44078740776193487,0.5144285385308979,0.2156657195517693,0.623203602713406,0.6241284996060852,0.22330622740598274,-0.10756290067718138,-0.047301326878685684,0.05712264908189739,0.5852555941668351,0.7360364411955673,0.6544998839347016,0.7361392269352592,0.2885477279385272,-0.034481435526688566,0.8321124283709447,0.8145428611856074,0.6595869915448539,0.607121899087897,0.6122455760196068,0.07148334280656335,0.8310252920262551,-0.6409923721562698,0.6263544303117417,0.4611082003572145,0.7455531791681489,0.6869984176157131,-0.06205756522226037,0.24997158453977975,-0.024202269925284313,0.8529655290164883,0.793911196826202,0.4339512574290688,0.83927122541927,0.5206107614433546
AMWD,0.8919546435616863,1.0,-0.4730414540799193,-0.3581070360745199,-0.3197873560775645,0.28262111818022684,0.22875277744180633,0.1757050848906668,0.32895075269933144,0.14105751598248828,0.654675906367477,0.26640750822625303,0.4669019233964465,0.33833632188299423,0.6577851214284627,0.7710518789998136,0.5422523287299563,0.7410799533212734,0.45391588780190906,0.33012518061038304,-0.33621407989883484,0.13797995694055826,0.6316317611921002,0.18582849531416057,0.3652836563609998,0.8306671659246048,0.1517047658955253,-0.08839296840248205,-0.18957384466387217,0.1212349370097514,0.3444644050290321,0.5606380853583761,0.6117992121638447,-0.41593098127391737,-0.17625189764443785,-0.00376010526951338,0.6015211075721282,-0.36904253680762156,0.0735169271960556,0.44388424376379804,0.6660224272240916,0.7225957852763953,0.21784798273400766,0.5804207846532308,0.6256227639672174,0.0809493785672703,0.47355402583756584,-0.04606028802690717,0.7735870988150265,-0.06929989753831374,0.5010411909532095,0.17106611835145155,-0.2742166368591579,0.41244465924140333,0.4410248169110538,0.6455514360593108,0.7705350192540759,0.1358084490669885,0.708116580165828,-0.06168063037072919,0.7897670381282192,0.3888803750420867,0.18029672933722887,0.5651921503525722,0.4322853547607216,0.7142682973874154,0.3135788513538346,0.3592644749159023,0.5442915577021419,-0.00010265397416362635,0.19074588190472216,0.5109969965497236,0.14212201631231347,0.6413887044064335,0.5488904395118147,0.5298808267328883,0.6564321688414411,0.6491790657189749,0.44538101065388924,0.8845748424677462,,0.12668606021879844,0.4027420329368606,0.48056216933293805,0.25975352203706387,-0.43584306797350136,0.2272987875413056,0.40253599566947235,0.3631614190500603,0.3618260805440318,0.28965784876580236,0.4491887956813095,0.39139618600807025,0.23788104628720938,0.18971166030601444,0.4256194865844502,-0.11100236864523183,-0.41431871236039797,0.6082186425266447,0.6235967591703024,0.08261917958295462,0.034641203631722156,0.6841859620319882,0.3806487333035272,0.699812480880228,-0.36479562888110045,0.5642228884478635,0.5759625779652399,0.7345469899493988,0.04166617554254867,0.490630908792754,0.5062047376784548,-0.4502143043254448,0.8727536856169721,0.6948491895086024,0.2814734087405913,0.7411209726458937,0.6969333311341357
IPX,0.04187632297166216,-0.4730414540799193,1.0,0.3069762564445134,-0.616949692455664,0.010905542734439437,0.6903800258359225,0.45781063465291033,-0.3444458992584535,-0.08181392734345963,0.5769773673066593,0.5490241413651387,0.40274409420375573,0.05850339222585868,-0.2534535957702099,0.07285567415049148,0.4758355120375759,-0.4285149875505394,0.6719420927036108,0.8798606348655171,-0.40166787861081366,0.5762620598201498,0.7210885683754419,0.0705036619527553,0.0992545089638282,-0.6014347428914424,-0.012030122631764268,-0.10173412351082299,0.20687261392313389,0.7177120214251687,0.4494038944976529,-0.4087893635936318,0.5827949996290237,0.21266436733035193,0.8815357880750339,0.33820060876802666,-0.06573775302300792,0.6366695558241905,-0.49205323367670184,0.710257993423198,0.4755409107099856,0.3630133392172374,0.7951437202371588,0.2507705992567299,0.7289518361837474,0.3464735478076508,-0.3490515179040416,0.16371855249063555,-0.03742805533602109,-0.6724932796804448,0.4814661296648268,-0.43518448032057155,0.2160302296350093,-0.3378967424690037,0.1312860207432998,0.4941120243519403,-0.08618595803402407,0.7824213171986557,-0.11682238875426382,0.379083437780154,0.44374030758935396,0.6014544592627602,0.42039731664025953,-0.3930580308923804,0.6350642275026436,0.791370163833686,0.33524332629093795,0.7215380805216722,0.14869303817519225,0.2908346845226464,0.11442865815654923,0.7586862542593016,0.7364282910948723,0.45652032490830186,0.8637353532573284,0.17007291983557737,0.704290374184586,0.10754771202028046,0.7764339173767536,0.8484918460355849,,0.6913517672836786,0.7938546105851635,0.5727538085328202,0.7075170998965626,0.06156848299999895,-0.32357916105755796,0.2740544326131979,0.048620124615544276,-0.3947974316007643,0.3019014423469024,0.5987061517447111,0.048739790090343786,-0.006504831321339212,0.04148305974084882,0.37126714174927233,-0.007901982575017518,-0.40613194179177103,0.43014324309974816,0.45192116345127264,0.7319525879527411,0.6347401108571704,0.6098230313551638,0.09034425857102368,-0.469776721232236,0.573648328712614,0.41806337527339427,0.6799209002430034,0.5690963032461263,0.3815809233348894,0.399518153055655,0.07752571418133111,-0.23415807493221538,0.20324740839708863,0.6865680392992735,-0.21689961064481297,0.3472891453422289,0.06670245303073938
EU,0.23178061740017333,-0.3581070360745199,0.3069762564445134,1.0,0.4742272423096563,0.8193863568456214,0.6874781437690555,0.6684022368582172,0.5415497486180649,-0.062037573588108685,-0.4116965198125103,0.19827739140531853,0.8251598227412973,0.7095224257314445,0.6171291105470228,0.7773358770385904,0.5400138977841914,0.34674706225974955,0.8434926920921914,0.7100887103799711,-0.40605436900509145,-0.04326691682002296,-0.40912039968277936,0.6281712049548583,-0.3455889302977809,-0.03991821152839518,0.6666009070625478,-0.856949012580656,-0.47122512633837293,0.28408707465413274,0.8637816306228958,0.8995836698159174,0.7952037889787922,-0.4118615810480682,0.45656106525224294,0.25485745326356496,0.3598159578942058,0.4397243991202274,0.8114878830244671,0.8945465457509156,0.40376373348896,0.6496623020849183,0.4023202689822051,0.8725258160376433,0.534754863179719,0.3609062249298074,-0.6878058521762638,0.7330197775318895,-0.607488184855987,0.6137137901463288,-0.21468553428331882,0.6208532928038522,-0.07117659067106537,0.706333058315898,0.02881414264867069,0.10525498202199299,0.11301816770722833,0.7923105257389831,0.427004359206098,0.27312076361630633,0.855087057269513,0.7895449201949717,-0.08489191311311474,-0.29239338586933156,0.7447132166431797,0.8390140397424684,0.37221021571574336,0.5694730460520954,0.3501063490108676,-0.6686590568714624,0.5402035126217415,0.9362510934785652,0.5499160820479496,0.9303187799405289,0.8150546394373624,-0.009429453588272404,0.3204250642140721,0.38011891936005665,0.570337199380011,0.6502313887094959,,0.6148001147223259,0.7308299759464145,-0.4556823708368912,0.679485410646229,0.6704103576119459,-0.5174012630814627,0.0940462176577587,0.8266646202748522,0.020359773042026845,0.057930607931140334,0.9053949905352703,-0.0718964559772922,0.6087344966432929,0.6234094256768493,0.8196611751103875,0.8544245808003447,0.9327715522830274,0.02967291712329852,-0.006430241419026675,0.6515525275863083,0.16851879514188262,0.7793825268129312,0.1057281594979447,-0.0775533932740963,-0.5967823220050585,-0.7206154432331047,0.6981755533829588,-0.31747542774246634,0.20008212894550764,-0.29989218168280957,0.2574709319441371,-0.5807094813532433,0.32364764030666693,0.20701554175439596,0.18894250552128214,-0.006263509904485405,-0.06058550715965012
USGO,-0.46490568949952,-0.3197873560775645,-0.616949692455664,0.4742272423096563,1.0,0.5598877270712251,0.16899102014917045,-0.18823284121940143,0.6025435882389465,-0.12678681325985452,-0.230556656508464,-0.3168996636921721,0.10581756216487259,0.05622580138207054,-0.12362687937320607,0.5191343059427128,-0.20410538731764175,0.12823447984204597,0.2693196505051143,0.394151621058422,0.30821927330466425,-0.4698050060079612,-0.4084539147942675,0.6060400917324457,0.4872415923066411,-0.3360388177667476,0.2206654493403187,-0.48199978709304725,-0.10289717882334813,0.28193874808814334,0.2968705322111686,0.7599607648870466,0.9404271928222092,-0.6580679020509425,-0.3569346392264466,0.32571553231146966,-0.5606949234240918,-0.1704142591929877,0.46795589971603324,0.29292863076836134,-0.3244418252020597,0.6460628153432032,-0.6994254722521507,0.6463170658152684,-0.21435094206033806,-0.3685463922172208,-0.6021630738113698,-0.09075190135717771,-0.7608603904651234,0.2983955445345991,0.1519028154361532,0.38045266173068865,-0.11211870441470763,0.6681082644802483,0.12794361976543908,-0.53821126905145,0.507605980375273,0.7761801762877517,0.5559308209786028,0.5372973415357228,0.2732639748038256,0.7395598494252886,0.6303213673227305,-0.4438265932837927,0.807645370244888,0.7622987037822717,0.6687041955410812,-0.25524697982929306,-0.01665103178402353,0.5202142514930043,-0.10500970564573915,0.6797926942788171,0.1281239969931593,0.716148837236939,0.38485761188944567,-0.603064020888852,-0.5026860228600261,0.2762673511536719,0.04892657729656589,-0.2786155493136399,,0.1795260375275891,0.12019761674023845,0.2808354247865041,0.2661862936412038,0.5917773504043035,-0.7391098993835745,0.35019956749432746,-0.38189066078774203,-0.0856685164402158,-0.6655207120897016,0.6758330386081902,-0.13541760155914598,0.5676147479919431,0.5521275025249236,0.7584584340631465,-0.14015661054288597,0.3113971396561142,-0.0021198578595395257,-0.06471292317560269,0.834945879671842,-0.630975562326395,0.06001222070939575,-0.24350009020005764,-0.10995278568974981,-0.5830756663721955,-0.29966178665847165,0.28422559137156456,-0.6878432661689765,0.18724239386723796,-0.7680552848117449,-0.027082720720222768,-0.5871625286158,0.15545644172802933,0.5043138788564147,0.34543826267978495,0.30543241648796426,-0.6208938680874693
USAU,0.7460912996344357,0.28262111818022684,0.010905542734439437,0.8193863568456214,0.5598877270712251,1.0,0.5490370219260188,-0.48063782060185295,0.3033949609459665,-0.4196539452576731,0.06057095943965612,0.34339790513640417,0.42654559615455034,-0.048154535326156093,0.6138292555568248,-0.5004180345857459,0.3809128135594384,0.4657944757124807,0.8491091061852291,0.7579628341449262,-0.38125042492298555,0.7863226472117875,-0.14170176858233322,-0.8283207147368793,-0.3078811742274303,-0.09935881096030251,-0.5609598884214504,-0.5117200188239676,0.1864282466974744,-0.046514746199621294,0.0552292911595327,0.8144803963226868,0.6223623961765566,-0.29475821731915447,-0.39347502684893376,0.17164339617612323,0.15344421066681735,0.4288011013114642,0.5465475762966477,0.39273780943576236,-0.05023833140420581,-0.27369320417873233,-0.20705436534016128,0.7382307674874586,0.8519576809524357,0.3512156777475496,-0.21781194282660013,0.8979213371186512,-0.03182950765785555,0.8108765123918346,-0.08263222099438115,-0.04213191057965054,0.46585592289526856,-0.42698127414531467,0.5094078407702884,0.2105301118450885,0.4799026415101145,0.48114610130066393,0.21343542457264217,0.4855177362303613,0.3193361609123248,0.8987260916888558,0.5668563047447828,-0.06856582088597758,0.33720980931618033,0.522071978016743,-0.18597139597249818,0.8226261240004331,0.5508376435521821,0.8152134346574278,0.8401762731878929,0.37957747989527185,0.5355445730194975,0.4728824170659641,0.7522052821832166,0.5854811717637277,0.31937808866674205,0.35298029687125815,0.23211411565840986,0.3538877137002162,,0.36240013182246894,-0.4422454472182625,-0.06256256355763044,0.5990283136417688,0.8412321125184802,0.6180938529454716,-0.43428902793429475,0.7392706930737719,0.5109920747422166,0.567887308522078,0.6447607084061454,0.07830857433946978,-0.24118171440361294,-0.20608690426379359,0.41218525473665696,0.36756203998240305,0.7611027561070115,0.6273262514121551,0.6132550963573289,0.5249524754867783,0.4673329203477346,0.16411563583682254,0.03567160761483939,0.4719001763584939,0.3492075196931544,-0.30693436839234084,0.14139953545157033,-0.17752472454621662,0.22754290532267732,0.028419239249964926,0.4929207456328281,-0.5875790071614169,0.20585225376057747,0.22550643945520005,0.26518784814757657,0.3107924044185902,0.37320187067882604
NB,0.5752523387572118,0.22875277744180633,0.6903800258359225,0.6874781437690555,0.16899102014917045,0.5490370219260188,1.0,0.5307574817858647,0.15855546827354103,0.3787275383496673,0.08678629090503345,0.08352885460913778,0.5752259884648379,0.6328289131456561,0.7025025905431856,-0.1936804018606517,0.3382583819022799,-0.32734642842299516,0.0023398001927062294,0.6478409837450243,-0.4339055440204838,0.24496314543214734,0.19733348339695714,-0.6739419811016892,-0.5816251900606149,-0.30220474929495156,0.731149222125835,0.3045031766609805,0.7195890041767011,0.524955818266125,0.4402991059853048,0.37273123215574033,-0.1266509185071355,0.410299963451136,0.27618372477567704,0.35838333539233014,0.2547862753062347,-0.011122861081076015,0.4896464053300824,-0.3047368342349175,0.6110868661175582,-0.2790314614848965,0.3894082502040927,0.8044173964662292,0.2559817839191364,0.1339582834364681,0.432344255757837,0.17127145855409961,0.36225603971635895,0.386512317618258,-0.11689908166314718,-0.13994316110787852,0.1008512308213947,0.8521971555721225,0.03478752540019466,-0.09909183701072502,0.18679115120560202,0.7009577980537994,-0.23788156454818493,-0.25301172259571236,0.45414969935701727,-0.0004700062256565891,0.04706248598897961,-0.03736422405762067,0.8182500440523398,-0.1443574736061232,-0.2831408791799098,0.4483161735786341,0.2535653752095158,0.6737511314440636,0.6987731636624296,0.09163731133180025,0.8115531478918249,0.5692400673840036,0.7305505823729981,0.0616229672028225,-0.3278238886797951,0.5398520589533523,-0.23040727999226124,0.47535972252231223,,0.7065039655090258,0.8327822502468433,0.1948829119266594,0.6004100801829296,-0.7359431237411083,0.04904957588749067,-0.3684600091876334,0.8305393817625553,0.6295157527116726,0.23973181039625352,0.8108815891080222,0.08917661159672882,-0.08415791452581939,-0.12494185811316386,0.8215184426022647,0.13882824542340771,0.8347940089266757,-0.0029475875221371558,0.14350286933474746,0.8536083947487589,0.6367780622408612,0.8738998214154831,-0.6008227039393587,0.0455320115654439,0.01614607436748626,-0.7572191716965635,-0.3238681533190676,0.5177868545514325,-0.13977005499033165,0.2048010812456335,0.43077965794166695,-0.17017289631386934,0.015537836834140782,0.419347673504321,-0.5747283782710629,0.3562475578608111,-0.034761119694391766
ABAT,0.06985946574663728,0.1757050848906668,0.45781063465291033,0.6684022368582172,-0.18823284121940143,-0.48063782060185295,0.5307574817858647,1.0,0.14228824236274168,-0.1306010065994754,0.15130816905491212,-0.058353417106825595,0.7444703252584778,0.6854696918487364,0.7201974319375035,-0.5911028973163808,0.7212172034136409,-0.47563846339773036,0.202605399900646,0.7215080330770633,-0.19377338709945854,0.678645691545447,0.43796108646645304,-0.6528082300942506,-0.23899643285015343,0.5062801969522285,0.26945934697714874,-0.1623903539778165,0.12393010588757601,0.0047120926879910445,0.8656288528689122,-0.19773304468964759,-0.05448980490244295,0.6167940096891767,-0.5878713307182577,-0.7506141816077404,0.26468709137410934,0.273485337133047,0.6236119856157215,0.9486565199513423,0.5390821243995695,0.785430255848458,0.7634261232099266,0.5744729173532171,0.644801369849732,-0.06929126722749256,-0.16700700221771295,0.0674196339632582,0.6687414088301284,0.6287313906187079,-0.2745345355915571,0.010239427591710407,0.5924712893988391,0.5183558817815587,0.5105315355732256,0.20873199116204846,0.02774807585058536,0.6303497718121924,-0.48624106183096477,-0.49533635561036815,0.8463615885651693,0.43255280503595256,-0.3575275080312499,0.5721150232575537,0.5029934722433808,0.8226014757181535,-0.6257894326392338,0.626354307877471,-0.0056747810490606915,-0.2939627792281317,0.8284195341674259,0.8256180265917682,0.620273838937321,0.6030580317000035,0.7876949759957905,-0.028252681432627866,0.6072669972896942,-0.29969381402931944,0.7611199915844618,0.8724828115228423,,0.6100246827664615,0.7071815843804893,-0.6699826669994768,0.8726844610185226,0.6394372594694543,0.7583323700384433,-0.1974699275198378,0.7807828429360161,-0.10992052348720381,0.6511982063087747,0.8424376297828426,-0.36406070113725836,-0.23040231361373578,-0.33422008648533547,0.34683822943956316,0.00529747177820093,0.8490847173147056,0.019615752395930133,0.08616259580825161,0.2797124438305693,0.7395907204357024,0.8710782537034366,0.6847648913865555,-0.22069426566240974,0.6761390404651475,-0.5238833385847691,-0.23461874910411923,0.12665185326428577,0.6988184969959722,0.5767197237844591,-0.012996368789140074,0.23106170058390135,0.21288320283455525,0.4110624820705499,0.3370883352058229,-0.20001807791601842,0.047633760582118774
HYMC,0.4006409096174314,0.32895075269933144,-0.3444458992584535,0.5415497486180649,0.6025435882389465,0.3033949609459665,0.15855546827354103,0.14228824236274168,1.0,-0.4457391207139355,0.604845759817753,0.8358094675832533,-0.23294591207373855,-0.2091341004286723,0.35820246660870175,0.35438746674630406,-0.15237741888704143,-0.14941047327846446,-0.4760588964259832,0.6046083902392005,-0.07575847909614838,0.6664862680931699,-0.45196426323571665,-0.07669964169233853,-0.22696102188429615,-0.5820330805058715,0.42488923238668413,-0.37651347527117734,-0.5412315525810911,-0.2448212632620037,-0.12547771849304173,0.06507565741478653,0.2477730856381858,0.20985035823898066,0.019433066094325557,0.26684496641323496,0.13765885709697243,-0.7395314687739473,0.09261140721918244,0.15137185059888258,0.7052688281702852,-0.015419843994289013,0.06208970367806661,0.26436802054320907,0.3074858343933747,-0.11060264667424995,0.054303508877742074,0.6692946007494442,-0.4996026350451201,-0.24125493022402375,0.46277695959488474,-0.28478055613619974,-0.2512972843486527,0.17347332285538858,0.0165941549051188,0.0771845729081806,-0.05528418061749378,0.6014617921518178,0.48765760990017154,-0.27038201050590627,0.6820347395199728,0.2058133003305329,-0.1676767833738758,0.5310767891924708,0.06059094384501287,0.9251319466189967,0.2774660125797792,0.43683238305887967,0.0744967458412491,0.6398127903888278,0.2269684216318349,-0.12570320261665344,0.3379886086366815,-0.043372765941548624,0.5593478385065348,0.3189740037778085,0.3783100340822569,0.11545098286978174,0.23187058898776966,0.5743675102480974,,0.4787293146049352,0.49979318209628754,0.11612449897746406,0.2233156394602114,-0.3376033454212449,0.2633424584712131,0.5468539846709423,0.3037128474962528,0.5080301135930885,0.7532595562854624,0.5511955436893444,0.5837103969517939,0.19145519971472091,0.224056863265388,0.48947831478098025,0.5331012108684862,0.269598208225965,0.34995884782175485,0.3165716569504835,0.6503501244061705,0.7711122820240306,0.46974078192758395,-0.11462718981617372,0.3878220437871815,-0.33735681328101874,-0.04011452721078278,-0.30722538423683315,-0.2645049333745098,0.125631312664509,0.24913114445393567,0.025061092312922556,-0.1153347184639501,0.5179528827199116,0.09118723617799647,0.24776487706715153,0.5722173946960509,0.6507077398095364
ORLY,0.3366844421910671,0.14105751598248828,-0.08181392734345963,-0.062037573588108685,-0.12678681325985452,-0.4196539452576731,0.3787275383496673,-0.1306010065994754,-0.4457391207139355,1.0,0.3907619810677242,-0.18472938847400072,0.5374908434369541,-0.38733078603248494,-0.36827641237902675,-0.33185486962929767,0.3804963216466953,-0.5988242401153642,0.3347132504802071,0.24949657626434144,-0.05137898328196499,-0.018832713987029837,-0.06969349393497565,-0.28655794436389054,0.3221070850687463,0.0036423526999655835,0.022634265157844797,0.6838289541068983,0.15187407222703148,0.004137244786635094,0.5459869429172447,0.23042502124049943,-0.383104503492796,-0.47610431203522807,0.08661109511465453,0.2262174723836656,-0.2710269531093029,-0.09768555515888366,0.36891903406800663,0.3388087805929202,-0.2917066374254525,0.17839235729615116,0.496173226244028,0.39642381966183343,-0.1859916531160182,0.19573627213727018,0.36812344477806136,0.4593283254658693,0.32257724647769564,0.1851993746663727,0.5160993386136455,0.37437495385733943,-0.31643641727585126,0.6215996751960254,0.2575880191885991,0.3001107110997169,-0.5497448748158655,-0.2682027901946977,0.7985623284458144,-0.02357949839819118,0.7524133947047768,0.40258428889548353,0.36014881267337895,0.627333375256656,0.48925108686118796,0.5658931603279229,0.4670661693296492,0.1013606619484526,-0.5304153133670464,0.13639753033924665,-0.06514837060120113,0.3084252927568278,0.1497592852416619,-0.11854591932611316,0.48957625322073617,0.2199162104655546,0.37255839718801464,0.1533046458376883,0.19350411663938316,0.27092058128858654,,-0.2079894990573359,0.5127407583054454,0.28279758018100937,-0.4284666398823225,0.4139190769437842,-0.45747838862787193,-0.23087434338259916,-0.44204792543876487,-0.3777576140306918,0.6214932243553103,0.41291933143177717,-0.5940564236670819,0.5225027151197897,0.42440327370659237,0.2681033287751053,-0.150545115105132,-0.19949287908855642,0.2778946862349684,0.2535186182050669,-0.13963470207933212,0.2572262076509701,-0.16544826010762886,0.4532011294913136,0.5689767763986577,0.6647529726620498,0.4826119565081516,0.3613501283431136,0.7091983158674866,0.09390666160174758,0.15900711541246576,-0.3381452360102905,-0.017161459465958994,0.44506132452295627,0.20091082746381392,0.8169644921719049,-0.21344116474439934,0.5220665223673114
MAR,0.585722107601606,0.654675906367477,0.5769773673066593,-0.4116965198125103,-0.230556656508464,0.06057095943965612,0.08678629090503345,0.15130816905491212,0.604845759817753,0.3907619810677242,1.0,0.2776587240759946,0.6880867926926272,0.19816444477006076,0.7546484047414462,0.24316824906823967,0.40358427739804137,0.15583471753791395,0.7505116159805817,0.6552165871845874,-0.5917054296175948,0.43752080157114026,0.4381495145099335,-0.06858144941584743,0.10803357170165505,-0.36020340814142643,0.18487026995460012,-0.503955349182941,0.6039905901561127,0.09316526727153583,0.7330619514578098,0.36745916584719696,0.37523102180233137,-0.3327143694350015,-0.2111323192275716,0.5699018623493398,0.1474968189661922,0.20974373283854816,0.4734519564287717,0.819478905400147,0.4841326789372717,0.20573387309975952,-0.015156625899547398,0.45079501070598604,0.5555479714000547,0.44232431133368794,0.02822657599211407,0.12500302602458221,0.37203941342662866,-0.4877188076682234,0.5800382857525311,0.341492599484708,0.7895345260889411,0.5359960378265517,0.22399149192592926,0.31366471467199597,0.27126395772939405,0.6745468249803941,-0.36111449420970065,0.4585645200617386,0.7746530051072124,0.6853629710152912,0.07094145849536058,0.276456206203539,0.8200641084294048,0.5472451294856031,0.6001379173954515,0.6678312441245813,0.36280482254486224,0.3837634349145532,0.585446815706666,0.7376586532082534,0.7790346309689153,0.7870173735981125,0.6883548955214623,0.8482395327129909,-0.26359081192010375,0.0582566746292613,0.4473526238672197,0.7650811881310207,,0.5934955199946352,0.09602575140968843,0.6409683372816669,0.4654384315062584,0.49644468455669316,0.4910633899423308,0.5923434876155086,-0.11691774576904287,0.0960803399562353,-0.001112138875896642,0.8222995998853733,0.5384948788215733,0.43123432627193786,0.40206999043914904,0.48842819103803364,-0.060037772174376905,0.1299229513713336,0.6195142642215632,0.5845945192346171,0.4759471389908505,0.7508406108664549,0.7343712902949191,0.3141941999622265,-0.20667232539575922,-0.5877881517177954,-0.14180136519337944,0.7991616797757516,-0.45592609792720745,0.6133567846813508,0.07194740754208004,-0.2905011959165564,-0.05823862279297746,-0.08202024484520146,0.33900756612347943,0.5363090056679204,0.8341088137515741,0.8581928917940509
DASH,0.3865913344119182,0.26640750822625303,0.5490241413651387,0.19827739140531853,-0.3168996636921721,0.34339790513640417,0.08352885460913778,-0.058353417106825595,0.8358094675832533,-0.18472938847400072,0.2776587240759946,1.0,0.7276191200897179,-0.2559416782722402,0.7334855966266525,0.40523239655052745,0.6826793789138074,0.2932446751767534,0.48533781052173325,0.8342256490040078,-0.768023884039844,0.7571456652160239,0.4349425611632112,0.650162893439817,0.15058167479296072,0.20014056097980334,0.2832477481377225,-0.10474932586709382,-0.3901512644275843,-0.23245019763358876,0.2076577180507094,0.520189937324261,0.2906931865572418,-0.18768298859208696,0.023348306945267294,-0.2507018972935041,-0.319715059075583,-0.6408712127554554,0.4756276836508495,0.7487910751385257,0.5500965149179616,0.7870599470424194,0.8518418390088145,0.850060301673157,0.4946619737512455,0.6857205329619901,-0.3306636043041987,0.7945001074389046,0.7141773321553637,-0.5500215735915022,0.6063069713777147,0.6228789271369326,0.5809869595878121,0.6381494521355147,0.39449519169509184,0.3299029596130313,0.19778069198059736,0.4964790625874018,0.21281284166950834,0.22773543275399125,0.750775942203417,0.723831680602908,-0.3412243112911248,-0.11745008933010487,0.5570010745971633,0.39252333265169465,0.5250846359876914,0.7768283785087041,0.04033832080857247,0.6014127488141839,0.5408087741618547,0.8748854178877331,0.4950382477104086,0.8012768305837848,0.8511313895281108,0.2875033512482151,0.4890563825309724,-0.31776886631792084,0.6681903998200608,0.361927936479328,,0.8524813802757361,0.6254656360715585,0.590104271872863,0.7350138295385558,0.22240669623810697,0.2869822721405754,0.4859310262962934,0.0691448378730726,0.7805198964988922,0.020088368002935113,0.762616194954528,0.5463724460770094,0.8116962337237619,0.8019407042493853,0.9136086597719892,0.7336666685561626,-0.08126888129310961,0.5214156951836456,0.3598152381647469,0.814418731514224,0.8968083039134056,0.6283093236391296,-0.047527006048220966,0.2806523029592861,0.47490912711315136,-0.1018201201015383,0.23722477489355648,0.07693066153033355,-0.1927402993305245,-0.3054668519042509,-0.26899119501099505,-0.23863647638117078,0.36041452599242013,0.7688155700249167,-0.5720098503911973,0.44175940240879635,0.41586844775580634
CTAS,0.8116933348569039,0.4669019233964465,0.40274409420375573,0.8251598227412973,0.10581756216487259,0.42654559615455034,0.5752259884648379,0.7444703252584778,-0.23294591207373855,0.5374908434369541,0.6880867926926272,0.7276191200897179,1.0,0.7105671402225487,0.5836364570409351,0.5793196738104662,0.9291130683308001,0.2652189791682579,0.8426630608674187,0.7858359655483723,-0.6601252018206613,0.8007329849449136,-0.06329782714457506,-0.031632929762327594,-0.5887855914973763,-0.24277715677488285,0.71940481174771,0.2168753690387718,0.09522482815015315,0.15643948863545873,0.953636233678286,0.6821594639223179,0.24975431071471488,0.49443068654054195,0.36372217988804434,0.23483736799540242,0.1329499786372225,0.6793412243316734,0.8164682829370166,0.6383504522935607,0.22558475982098605,0.3633809361275632,0.6502976855862759,0.8132448724081253,0.3134128186430561,0.5017248089793412,-0.12858383978162594,0.7938990797254588,0.6134876285078213,0.6145874836172744,0.8140148196723702,-0.228426688037728,0.6626361552149413,0.7180865563043101,0.8729574362122183,0.957663071526627,0.6710327365679547,0.7898485565897924,-0.34069211391190585,0.2098516457855373,0.7083172199210465,0.5879452684235401,0.24438054750668375,0.7657929539536442,0.9122988871249138,0.953961295975456,0.8937236996934819,0.8592315431500975,0.32358728869750264,0.5825503530635412,0.8272347707025871,0.3545909635130127,0.6150621347975281,0.6086833540489852,0.6874876454899088,0.17582502063251132,0.826695310309402,0.14044589680915648,0.8163954449492445,0.8534534551939099,,0.4681487132173868,0.6968794017843886,0.4109474360979307,0.6739620505281055,0.42442431947637116,0.5170606669994439,-0.009086857131410818,0.364626988849528,-0.029816804631411512,0.7272702637360949,0.9022410904687898,0.7130159523356535,0.27651262737850046,0.2777702627565512,0.9251630218916894,0.027481354685348763,0.8685041905126202,0.6630144821095109,0.5856126913501338,0.33102435980775935,0.877947579529915,0.8837156967318881,-0.21610984543169526,-0.25688503076227576,0.23543096450905246,0.16352835576484076,0.6956114115502339,0.020759129312667823,0.43741049008444216,0.3904716968159603,0.5411067706097127,0.17620733445032669,-0.5496193414073676,0.4772197648704607,-0.3258877642533731,0.8448172117616966,0.15350888693626483
SBUX,0.2215261256077961,0.33833632188299423,0.05850339222585868,0.7095224257314445,0.05622580138207054,-0.048154535326156093,0.6328289131456561,0.6854696918487364,-0.2091341004286723,-0.38733078603248494,0.19816444477006076,-0.2559416782722402,0.7105671402225487,1.0,0.3712853702669868,-0.26668119743618013,0.8321559634499671,0.2913019116711065,0.11498422474455579,0.6255944306816377,-0.5028213611573832,0.043410448331812235,-0.6325288063536924,-0.25811946204170694,-0.5303204857521752,0.34682358785467954,0.6732118941568962,-0.3734254114850538,0.601833295792721,0.4100901213895626,0.8604392800700332,0.5852195869583318,0.34124729863778636,0.06636840049285544,-0.03217056389189176,-0.177517054899456,-0.7386591396077762,-0.4970832969141644,0.8660338476877746,0.7131157643952127,0.8600976533471968,0.4549981671430777,0.005461937802856985,0.7482635455496044,0.17850853936323494,0.3653729918411556,0.04758625606323318,0.430239863305232,0.7019940366580182,0.5446172029719654,0.19817650617193389,0.3229166295826828,-0.13284207519416838,0.09340957515459568,0.34051674309498137,0.43453014232270487,0.15288418764229403,0.7319602261556609,-0.4117189190410539,-0.4578543151693068,0.8658876504234216,0.8041456400839879,-0.1906502952167947,0.4411749345143087,0.6067892299088821,0.7801281909292157,0.3746020990264354,0.7585771914719139,-0.24416328068133167,0.6554253881237695,0.7351042720770394,0.7274548215732334,0.7746331070116367,0.7536221778205561,0.8767092201784249,-0.3367777082397672,0.48836037455655407,-0.023346652288979912,0.8211454941732355,0.8521136277295047,,0.41335034000647514,0.37559736433780755,-0.1212911402322096,0.800395107020574,0.610139743039198,-0.2832613078752927,-0.02417075767890941,0.5648610940801337,-0.5997537458562385,0.49388122771731335,0.696741378016959,0.5159336210793778,0.6496393024862808,0.6621034488551761,0.3128617591602013,-0.6043061849379588,0.7233685691544915,0.14126966952706838,0.10251311790035346,0.509125941500369,0.31391029520009706,0.9277717599828382,-0.09102448215258188,0.41962457281005966,0.3625877116523755,0.4061409359745353,0.14595340072150426,-0.03670015245378436,0.47737663827381327,0.6729192232832418,0.7161992981127505,0.799635360248331,0.3050004625267121,-0.06296612848204931,-0.13176818562852005,0.7382774720648354,-0.06279862228589542
TSLA,0.5304889895875697,0.6577851214284627,-0.2534535957702099,0.6171291105470228,-0.12362687937320607,0.6138292555568248,0.7025025905431856,0.7201974319375035,0.35820246660870175,-0.36827641237902675,0.7546484047414462,0.7334855966266525,0.5836364570409351,0.3712853702669868,1.0,0.16326818773202803,0.3128801071136018,0.22564191598985475,0.47926391622212994,0.39820645311390945,-0.1029597637438429,-0.4871308926970967,0.5402428410753445,0.449720971643521,0.20194480619698552,-0.07453597706335627,0.617324430569671,0.32430010033643547,0.37837534507756915,0.7123383759919348,0.3159149189861969,0.10600909508319457,-0.5817672437313829,-0.4366410363054648,0.45152707348973226,0.024932243707899315,0.49995294650360905,0.41081249104550344,-0.2679138725057791,0.39351937002594223,-0.16955877490754717,-0.49785461543659953,-0.7745166477612678,0.24999425972433925,0.430600262632657,0.6425314682115005,0.06435118494680152,-0.0005684004531429636,0.5324674591123948,0.2349016708591713,-0.3071898956970825,0.5294327508975475,0.7402372121730297,0.4765642689672478,-0.2522798403088297,0.7406732700939622,0.44363948838266865,0.17512815783756677,0.39276341111335505,0.20141762274354705,0.5846564625671445,0.21476339668280214,0.5458749398133789,0.39181670507624433,-0.37568935861114955,0.2313617063028605,0.2094922903021123,0.3423421384845113,0.6349089597592107,-0.3466237980328397,0.5285949458569372,-0.2570176474162374,-0.22770719482068155,0.25696413998861267,0.01387787007057489,0.4623691872059261,0.1297916519957927,0.3990317077593011,0.7291796632546452,0.2077749926156963,,-0.302574709358259,0.24784161116713527,0.3602619550663669,0.29483403538943426,0.3709771724998919,0.6574983963674622,0.8187772754650279,0.16071991846645511,0.2884074828728459,0.10708180757937681,0.3397471040710229,0.15297663551186352,0.4252831574052634,0.4579804123794084,-0.05263294102041718,0.11673321975177701,0.7452287417649697,0.47045303377782316,0.4561135292616261,-0.4649897789530075,0.41678168425426027,0.6916900687132445,-0.2812344357266712,-0.18010410066190885,-0.1391816863109071,0.2858707817771045,-0.12220004198417876,0.21571990026756022,0.015418892358852103,0.0848873853949049,0.1485486330818587,0.34801967533447453,0.27921186687059624,0.23965038758940374,0.5638661615872865,0.1768503317478652,0.843994697227711
NFLX,0.8555566951237498,0.7710518789998136,0.07285567415049148,0.7773358770385904,0.5191343059427128,-0.5004180345857459,-0.1936804018606517,-0.5911028973163808,0.35438746674630406,-0.33185486962929767,0.24316824906823967,0.40523239655052745,0.5793196738104662,-0.26668119743618013,0.16326818773202803,1.0,0.7589779105518407,0.5030832590565467,0.36000900092650745,-0.30611348642730357,0.01281846144225577,0.28290165476234813,0.23689456575508044,0.5069701313345292,0.3558175930036391,0.24527494699410587,-0.44251309489754453,0.06788424239919821,0.5686009813637988,0.5184729708076276,0.19799480510086004,0.15285820535300443,0.38008359745557246,0.26569633555390726,0.0678457941172283,-0.04044160949357056,0.5934991464060698,0.772064208938377,0.3435383415646974,-0.24439146087946964,-0.6298834263939762,-0.22874515105863374,-0.01398822460882857,-0.5087450636543419,0.7649522675685254,0.3898360679945466,0.5146459138121171,-0.17105062637671278,0.477649266362696,0.12817918953649188,0.5635431288698253,0.3658714286265505,0.5655400300556173,-0.06132971718585424,-0.11114756952163966,0.40526044496455554,0.8474947932866621,0.6446968422273347,0.6273542186470683,0.4095838099042817,-0.6459016214777228,0.014808127231743112,0.285301707834208,0.4744074663396494,0.22961516013865582,-0.3360510224604298,0.2611660268215288,0.37310416759874193,0.18919260987684292,0.09492257937966934,0.6013443884428993,-0.11139740590920175,0.2726188813830619,-0.11139972263067412,-0.039171595053817,0.7415792110546222,0.06266606089088493,0.1961612529410448,-0.8091347409797262,-0.1579107678095785,,-0.5749039020430244,-0.5358662059201444,0.4442708723226033,-0.2488792903347838,-0.13512861334374307,0.35944235434491123,0.07957026971047411,0.6898265228343681,0.4901096286306724,0.1887305419484081,-0.582951853257783,0.8013387738422227,0.25793556650594646,0.2061239439964069,0.5466331028781162,-0.19826278007677636,0.794457313806667,0.6985395319157253,0.7447469556378928,0.19687702309458996,-0.37758002846889227,-0.508270269600577,0.600943344198948,0.5727518407169805,-0.3184696183739783,0.2182689135897315,0.43295659341667675,0.7447937827403744,0.6672828134025571,0.7356660475835195,0.7226317093720098,-0.454499701400344,0.7114011704498336,0.13479719089262635,0.3454572993662866,0.7729801872271902,0.36385185990976454
COST,0.6334370986953408,0.5422523287299563,0.4758355120375759,0.5400138977841914,-0.20410538731764175,0.3809128135594384,0.3382583819022799,0.7212172034136409,-0.15237741888704143,0.3804963216466953,0.40358427739804137,0.6826793789138074,0.9291130683308001,0.8321559634499671,0.3128801071136018,0.7589779105518407,1.0,0.48493252212655225,0.8178363960830449,0.8327418448321701,-0.8576378056145125,0.8957150996077778,0.2330695865093419,0.23403055232829412,-0.42990142080195887,-0.018400125629376204,0.8261770881208083,-0.19651115483861128,0.09629608199010253,0.0096197348400184,0.9036572507017475,0.7561112786386757,-0.24207381289403204,0.19612721352472098,0.636816435903078,0.2807789709300866,0.20204135027374234,0.35990998391472706,0.37750411926390004,0.3160232577884288,0.3946076288860175,0.2119353036621451,0.6143276556798319,0.8175613286811637,0.10902063026972499,0.7549243599945218,-0.09845382043517648,0.6929802180718547,0.8402983088742458,0.8027228490508787,0.5977887580424786,-0.02076610470205241,0.8291829875566974,0.45332913925817103,0.35396296754302076,0.8416252522232541,0.683724727542834,0.5912760156398886,0.27047326151353296,0.03591388581819148,0.8169998951738071,0.3315503670702601,0.08993896518263869,0.45911529986912464,0.7713996945625192,0.7537474826243172,0.7635392007133475,0.7186087822350732,0.06014786319812637,0.6245356898070289,0.8937568290048038,0.27059086980656427,0.6484074176471968,0.3820113671993089,0.5318963633632802,0.15571336178794334,0.7814741095720774,0.4909989947521079,0.8656903877086438,0.9515581814117021,,0.33939495805288594,0.7397791199516447,0.5452313245628889,0.12152354905417416,0.1594861281426761,0.6995676200149181,-0.08121862895598003,0.32051390302386973,-0.07844057905241687,0.8756988087528934,0.9374391792764222,0.7758298524089446,0.1991239408117865,0.19033222990928486,0.8190381059552868,-0.04398112843416618,0.8318550203047034,0.5924311316769665,0.5429776191904689,0.45621581424806334,0.7617938521673108,0.9047718336385977,-0.4995911912644709,0.26050845380164506,-0.31411553009237186,-0.005156937291629031,0.7160199171047729,0.05932927702808028,0.5695624230633151,0.03039163748127676,0.24352023673328477,-0.47736438296674033,-0.19294845361927876,0.17754781406723172,-0.2512818072269213,0.8879908221807316,0.20395753612665293
