Ticker,UFPI,AMWD,IPX,EU,USGO,USAU,NB,ABAT,HYMC,ORLY,MAR,DASH,CTAS,SBUX,TSLA,NFLX,COST,AMZN,BKNG,COKE,CPB,SFM,PPC,KDP,KHC,MNST,MDLZ,PEP,APA,VNOM,WWD,PAA,CHRD,EXEEZ,EXEEW,EXE,FANG,EXEEL,LPLA,FITB,FCNCA,HBANM,HBANL,NDAQ,COIN,ABNB,CME,HOOD,IDXX,DXCM,ALNY,GEHC,NTRA,VRTX,GILD,AMGN,ISRG,REGN,FOXA,FWONK,ODFL,BKR,FWONA,ROP,CSX,HON,LIN,AXON,APPS,MVST,BYRN,CTLP,EOSE,FLNC,ENVX,NOVT,IDCC,RUN,AGNCL,GLPI,LINE,AGNCP,REG,AGNCO,SBAC,AGNCN,EQIX,AGNCM,QCOM,ADBE,PLTR,AVGO,META,GOOGL,GOOG,MSFT,NVDA,AAPL,LBRDA,LBRDK,FYBR,ROKU,FFIV,CMCSA,CHTR,CSCO,TMUS,WBD,NWE,CEG,AEP,EXC,XEL,LNT,EVRG,TLN,CWST,OTTR
UFPI,1.0,0.520333660906043,0.0005156811181157056,0.05032327475859476,0.031428467647007324,0.0516184192283677,0.01930086083371347,0.030305023714795595,0.07622009353478366,0.07973527431986323,0.18239847722507824,0.06501709988665626,0.11674275431690237,0.05011071333256268,0.05151321313374281,0.0289357185362413,0.04054613024140828,0.06929608558826664,0.11013095118700021,0.06150107826590107,0.0012271585706115017,0.10674947603068813,0.02965310710550503,0.014644578273565058,0.029888005408508393,0.03884835392102903,0.021570665430355976,0.012258984902290417,0.07143359751531338,0.050277275963206636,0.12793279216334524,0.1239907714715626,0.1201454527340473,0.0004889467905285813,0.008044384908577725,0.10837906211745042,0.08262718325494131,0.008677271405201865,0.07117517429380212,0.33861365949183136,0.07331020831410678,0.07566187975543041,0.08823261582930404,0.14657755918912851,0.11333527535152346,0.10471616514619103,0.004107520367725579,0.17748515201508652,0.2008577545057182,0.01315377308985799,0.01950788355733258,0.1351104156412401,0.025406916947872574,0.06298777686413842,0.06693943230610333,0.12083736236976743,0.06470594485796395,0.10592089441295059,0.09441825445853065,0.08811147665701163,0.255849639957454,0.13739758139126967,0.09624742736603444,0.09890157163039207,0.2272760493206053,0.15732118939231596,0.10592944218279268,0.08377532320625038,0.15089919083350983,0.05380139721771749,0.021351235315893356,0.17100949734587534,0.031378411188757095,0.18140844925632138,0.1730346294184169,0.37994609975459936,0.16515676955431927,0.20785956289179428,0.0417105449795149,0.1773413059776598,,0.007462969894989039,0.10827334490563474,0.004950796161646617,0.10480712312902697,0.026464105755574244,0.0901468583933878,0.002006967949846242,0.1146835003400221,0.041821289104127066,0.07852870588432792,0.12680097290816025,0.029446185638540307,0.018022266145791003,0.015513222532735616,0.0685622267878767,0.018447813098694924,0.04126881016379161,0.11093689660066114,0.11247632245666549,0.14373022023165696,0.13870337443885622,0.2828922937487222,0.12023197512706615,0.0680729759771963,0.10944985896107395,0.0007498060276728008,0.12424653969024614,0.2034839460712251,0.07110399121275807,0.02223104172692607,0.047729658701948126,0.03743718628951306,0.09090718882166289,0.04730170360730331,0.07633088213501246,0.16979985004427078,0.28919133002539027
AMWD,0.520333660906043,1.0,0.012345066825410802,0.07540993210090369,0.007440750823942509,0.008309842901086672,0.0021991291338417716,0.040892130048919444,0.036352701189106,0.0797385266443163,0.18718348654338718,0.08830421200604437,0.1618888824013585,0.02872541887316465,0.10433488053580615,0.051961396250128584,0.05630666795332955,0.11598198294420188,0.11007747020252018,0.05798101043501837,0.0005312456811273157,0.12086285180412493,0.009383201385624537,0.017636805834719223,0.030060029969788564,0.059388975368998995,0.024322695368056393,0.005310001095818651,0.033528943635436376,0.031632707720376796,0.1879484799854182,0.1254780393386325,0.05102563918007631,7.63609208672482e-05,0.007678239163223971,0.04806033176288072,0.0586925274394451,8.498749986107807e-05,0.09938519137585665,0.18020048450552056,0.08627660168928726,0.03935488645670878,0.042224395467320486,0.14527191514018137,0.09215816856843077,0.12385282585419347,0.0026213285164178508,0.07378164630151278,0.16432007825837586,0.01283829932868773,0.03465975340879203,0.14682871291395946,0.04344689285175554,0.11515064563906414,0.031149166296999854,0.08084688160552872,0.05828040548241662,0.10230624149809477,0.04332099134448873,0.07717267811911298,0.19415636923838353,0.07133866108923054,0.07971861482429228,0.11329834415361657,0.1550295609483053,0.12288189606768316,0.12310390456888212,0.08831309727430565,0.11035248902169607,0.04847741905907704,0.015165166647642237,0.15268290865578044,0.02980774559822475,0.08842187815153835,0.09007497224538084,0.3212129733588377,0.11448504420834307,0.10059716142512945,0.03157870323111808,0.10826160154596995,,0.018457292779689008,0.06938468081866815,0.005873322458811189,0.026336982806987045,0.006079816349572524,0.05443208095870447,0.0030804793666807245,0.10482765064448432,0.07448165423199692,0.10643521033568905,0.12486358125446856,0.07507725363512134,0.04362002080353854,0.03930691216496132,0.09696958726734846,0.01958124763816406,0.04563278376316257,0.11482873153335942,0.1109007725003087,0.12327030519081228,0.08658245912785065,0.290407773156295,0.05935943483315009,0.06733639266543083,0.09582055050168772,0.013340860977179032,0.10717492381485365,0.15147282505337725,0.04172381607217369,0.011522067529875068,0.026765688891791945,0.004541023150737641,0.01575947344507407,0.018416893666651724,0.06271091134342072,0.09797226007921192,0.2323601241387787
IPX,0.0005156811181157056,0.012345066825410802,1.0,0.006559702201497359,0.0017834768120206861,0.007859248658435278,0.004069936787043585,0.0024579691744590106,0.0003309197106305832,0.0007730733147199602,0.010162972922520018,0.010745625298313034,0.007109285830581751,0.005207173018899476,0.01625382233354476,0.012946181058067396,0.00167617435917798,0.01248890853281888,0.004581957899498771,0.0008332320941136977,0.01205279790815316,0.0016987826731041055,2.099172459432006e-05,0.0021365645056786683,0.002130944702963535,0.006719356863904571,0.0012681218786177663,0.0005425253702784108,0.012493971375738327,0.004221475938050487,0.017332072313785987,0.000736869062989026,0.012324840189591737,0.011044345363220121,0.010899989345036576,0.023805549976982577,0.02973171196036995,0.008069479520209373,0.009882256613498406,0.010116119802426323,0.02273564768170521,0.0014210428645376545,0.0065479168433024235,0.0008495653931311985,0.008811716717385471,0.007379433965430706,0.003153727451312949,0.002678315182471328,0.0010840585123734787,0.007602865670670069,0.000552195913875855,0.0008269180364982632,0.01648660981894371,0.007481698802048825,0.00012412320510782416,0.0009596011017439651,0.0051203812482989285,0.0001656830138243598,0.002410471461030068,0.007568245782894202,0.0030036653441643463,0.021175661468625016,0.005851491193713421,0.008500230172074895,0.01493146472114102,0.013036724469471295,0.00574182364431058,0.019064627203221336,0.00019481002452858236,5.610760275452234e-05,6.054816290683168e-05,0.021090208086913843,0.014766527792355209,0.008369195640964456,0.006056795191315558,0.008415387816537414,0.0010333990981069502,0.0008440857252075007,9.341233681227008e-07,8.409763392867029e-05,,0.002298794050184588,0.0008420469912387842,0.00011172810135256612,0.00032870815187524045,0.002595950530717908,0.0017526608771244057,0.0006839971178531439,0.010779715135468066,0.002065566696359309,0.0005190982494021706,0.007393926432774534,0.0024485168378607903,0.010115544828038945,0.00665048386893617,0.001106556848533495,0.0024585689929084516,0.014237873991032001,0.00030974009764123497,0.00032752877692696476,8.549302760930112e-05,0.02039554539237243,0.015089560330918588,0.00041550636081666436,0.002063030375194317,0.012087501117209057,0.0068848988712092805,0.013929401272780088,0.0030857360140262207,2.3773669966714024e-06,0.0001030925055980344,0.00048392233950661024,0.00027697109975126605,9.824460394184638e-05,0.0007474197781163202,3.4150914463974376e-05,0.00018192329820630496,0.0001882907491880352
EU,0.05032327475859476,0.07540993210090369,0.006559702201497359,1.0,0.01025432267112181,0.08452499108292931,0.0035119511773397914,0.005772980367063,0.06450089814373805,0.00024447393571275835,0.06482170059251514,0.07237220467201916,0.07658699257298911,0.03944176738404626,0.03766948877232874,0.0702140316661581,0.057121083158824346,0.10387811415542053,0.03280207836119009,0.004081073820787107,0.017184415286311223,0.03292915969798249,0.012041447818942131,0.00038639822723988016,0.008930152019412768,4.754973045822298e-05,0.0004415830731502809,0.014548952348989086,0.0018741223985271986,0.027422751698369875,0.08486126370684492,0.04024538751647645,0.03360208634365141,0.005391424182321831,5.77271292794765e-08,0.03225775883160068,0.015473551499225652,0.0015938737214494403,0.03936230304245332,0.020479837815631917,0.014886641596514033,0.015900419480684873,0.014441905666509365,0.031002932820131536,0.046422425909025775,0.0457495757815931,0.005423593623946376,0.022688018878869107,0.004250948275607144,0.00875282815682426,0.013071406241820502,0.06729478648801708,0.06311702455514347,0.0019808054145216193,0.00027120673750712554,0.014830796589195743,0.06637936785609756,0.03671698232274488,0.0036841257304389445,0.020002398539717275,0.0374722855368486,0.008816615540210107,0.014644020059227053,0.02135240039739766,0.027883149219468384,0.03129974240515371,0.04919350733421014,0.036753057886726594,0.008025766647200571,0.001069574555998307,0.019319626582980184,0.018809044416414764,0.020715141441536453,0.05048230939373596,0.06989697468209484,0.060022104650738116,0.03672571621819896,0.018381347845130704,0.04907270649962561,0.039389530666574496,,0.007248091741377355,0.0008104772775135462,0.0192102757667878,0.00010582288012202794,0.00034390043093471945,0.02528644522496816,0.023737630959737452,0.08638931738599195,0.03144592880153907,0.0176706222667947,0.10563759177761188,0.05500774630916122,0.06675238415915274,0.07016388283292121,0.08128858630985639,0.12007857428215964,0.03523802065724529,0.002908002138063963,0.003831353221004048,0.03901027807857311,0.03356095005717685,0.07200158818107538,0.0032896739448842202,2.297572532598186e-05,0.00953660152526135,0.00512372856478569,0.00488494970418596,0.0260654746010755,0.06553640616657669,0.00455671368026406,0.023044260574415058,0.0034652890645331534,0.006945031107916918,0.006040174686480416,0.052991408678602546,0.03599276172822979,0.019892666546257442
USGO,0.031428467647007324,0.007440750823942509,0.0017834768120206861,0.01025432267112181,1.0,0.03898779586123505,0.006134067967349989,0.007339735461546533,0.04900478224649836,0.0012253137340678805,0.001216445777259444,0.004740790786379516,0.0040872725504394235,0.014831733221220582,0.0010473103546346347,0.0023374692186393774,0.0004203277500402065,0.0019018429343355965,0.0002649304837078118,0.006819637008554217,0.0009276169958567583,0.005106260215824928,0.0007127414338054904,0.007185143758547435,0.016300121268075726,6.670548714227527e-05,0.0012831316924735608,0.0026251109951698384,0.0153223912713487,0.016039627130315745,0.007939160805943927,0.016840121033608123,0.04578869854194993,0.0052290068796073735,0.0062473180425521545,0.006084534936137536,0.01901838651588979,0.0026532429635501087,0.002481680925607658,0.00800729498665981,0.004748014574088432,0.006256737714813372,0.0005153473784952201,0.00030645269696710786,0.028774788145272453,0.005050630881873093,0.0011877917925089939,0.006139219512698703,0.00031972292151393735,0.016020204329062728,0.00016402656459874756,0.0058801522940224345,0.004393354033118463,0.0002124857721031317,1.4363077073094207e-05,0.0009573485925616586,0.00012033758801550938,0.006701306425779284,0.00011189739693266332,0.0009763678451956018,0.009664020415220359,0.009162929707635502,0.0008427675163258337,0.001507810224772606,0.04624129840196753,9.115591440262384e-05,1.3899581620274056e-06,0.0008911573272484465,0.001596251871471029,0.0029981243975874742,0.0007697875849160494,0.004849051330651485,0.008542934402176528,0.006973127435025211,0.007980715533447537,0.000671415475201954,0.0026834022509392872,0.01784102662332374,0.0022827570082102283,0.003900540338689942,,0.00017770157274030993,0.006392191683274386,0.0005504443798242778,0.004467163144770462,0.00043103937413708864,0.006083984361016922,0.00041233893051714006,0.009630901196689225,0.00012801462590969554,0.004703546083422974,0.005688527331650241,0.011156520760151776,0.0009048810385588104,0.0003884384692417785,7.272415028547573e-05,0.0007845843533132402,0.0001934466534735935,0.00041290519226123534,0.0005803294044487302,0.000264717102158295,0.0002320936387471826,0.002487120345546106,1.9612704001882877e-05,0.0054652882901324255,0.0038027557965762265,0.0009072005647822025,0.0042399699319030145,0.00022122802238082264,0.014766794541763334,0.00010420100761341558,0.0018476536341307604,0.006440540755308066,0.004859367933803634,0.00243454894444766,0.012267080083159285,0.003946469364546226,0.0033661403934926587
USAU,0.0516184192283677,0.008309842901086672,0.007859248658435278,0.08452499108292931,0.03898779586123505,1.0,0.006086174178710215,0.0105022618407707,0.15662820731373095,0.000837819904043981,0.020351459429197912,0.029248282228179455,0.011559939655026248,0.02105248630811098,0.017711456486943746,0.0473121604529082,0.04109713458909659,0.025284627403349934,0.011129964709657433,0.004105498640247593,0.0032908070502419323,0.03371896895106583,0.00037439656514133996,0.0011654423689478398,0.006540035720758511,0.000520985606387825,0.009261092566745054,0.0003291465303902648,0.01574518513698992,0.00763824083631245,0.0523056787142183,0.028988829588427353,0.027669832527675936,0.0009375368061430671,0.0012909253005415464,0.028721287569149486,0.023916698311186074,0.00024530004591334143,0.001468037618942776,0.0366824527154389,0.0059635780366584755,0.011690608362381583,0.0017306514437259212,0.01606409406024264,0.07638308077512854,0.018509592275426617,0.004216719389430772,0.05415487662781445,0.0262611438671094,0.00786206376637382,0.0007244526828280579,0.03065083384114099,0.024988460105158036,0.006778931687650206,0.0039694186986517005,0.02458295949807679,0.04191201241506615,0.02218657404255838,0.014127040731996453,0.009012278310199483,0.0047014089632194745,0.019954800361644418,0.014348200596020932,0.037736880957929646,0.016414425537702015,0.02787546762957426,0.05176197440503296,0.028077087489210926,0.04298691097726592,0.009089685593392936,0.0441459796595268,0.016828866398968516,0.010507380492204031,0.04742527934242178,0.09969144234356483,0.05578169739667858,0.0378629753526174,0.06220200249975715,0.01791815916139761,0.06053361666024549,,0.014182800454262233,0.034532511195718825,0.014848460450660914,0.030988256304509625,0.0004182904576967164,0.05587559453666306,0.002279887761658791,0.04417624427626409,0.008457589615416341,0.019500138406512914,0.0389567924839447,0.02146037431191939,0.04454603376749952,0.03899598357106579,0.03268603570558042,0.0076898189216369536,0.03638822092772692,0.004230693483324998,0.004548923031614097,0.021671987380713117,0.04568054462931578,0.08244135910114325,0.009499549167635023,0.009752361646474904,0.04731922594345127,0.010841977828737916,0.01764956948341747,0.03441839881758631,0.03815689557031265,0.013545557229656722,0.02293532329620641,0.01601989843501324,0.028350638063320322,0.02681329110703166,0.02255102253312403,0.021788227730296934,0.011161363625361605
NB,0.01930086083371347,0.0021991291338417716,0.004069936787043585,0.0035119511773397914,0.006134067967349989,0.006086174178710215,1.0,0.008071095058766763,0.011748465775391705,0.00469632942366413,0.010500861996885288,0.003541614331121997,0.006082901089186411,0.009823232855272668,0.018575793659936182,0.010909506888244491,0.0005117813771675193,0.017796687512645983,0.011913543849730772,0.0004106283029980523,0.00267417102135865,0.0030743498766738825,0.0001514704381409493,0.007570150975526096,0.012931125401875172,0.016460309814124087,0.0014274882641378966,0.0069407797075344835,0.0010315431613589197,0.015216496570402513,0.012861679573462053,0.00377122538202239,0.011402258548784168,0.000430356645972891,0.00026866881950702383,0.021435387181207816,0.006940036241393265,1.7372517255071704e-05,0.00012698217002164524,0.03440238376068036,0.011824377713416798,0.0010202096974225594,0.0010732611830848325,0.003008432845531912,0.0484274763601017,0.010999254083359637,0.014722392708637677,0.03636207278925128,0.012827272516025978,0.03322766824586757,0.003398608899628947,8.638231869682761e-05,0.006863971298666866,0.0007258123264795206,1.1875131239867642e-07,0.015449184263002385,0.00910020173556393,0.00534551567726591,0.00972733371647737,1.022864158601338e-06,0.00725878455081187,0.002760997407359993,0.0018454825307647072,0.0007029242285599398,0.022514089897276473,0.009274458127159775,0.0026335224817408145,0.0034632624914343103,0.015649295594237046,0.006300701804425351,8.392987672388196e-05,0.005801082406406288,0.006289021466156304,0.07107143794190593,0.019485913342097507,0.022065122360445,0.01783882753475997,0.017788993171781103,0.0015418251719862826,0.042711439368297396,,0.0008540030168787956,0.02881444956014789,0.002358951147770759,0.048992816051477046,0.0010386580214370377,0.03154649308868387,0.002077985784393679,0.016415223146481486,0.0032470863607436343,0.026273131114336965,0.0028095700098296904,0.00690338001824006,0.012164129682618877,0.007945409034813023,0.006065852293555961,0.0033030009241886192,0.012051882728443958,0.0002561810276004823,9.151168991061139e-05,0.02218678545657387,0.025734892361922557,0.012577807218496127,0.00885050517141252,0.0015107704555724763,0.011638133691295245,0.0007717747240531943,0.013161753058771278,0.030764693049287896,0.0009495344093732673,0.015836777695099714,0.01714160289143003,0.01839136374844236,0.029665356714242492,0.011792630433522768,0.0006738990433232818,0.04509604700000372,0.004289681338577828
ABAT,0.030305023714795595,0.040892130048919444,0.0024579691744590106,0.005772980367063,0.007339735461546533,0.0105022618407707,0.008071095058766763,1.0,0.00690400900665928,3.984020472541921e-08,0.02479233271902147,0.02419949461172741,0.005160963804448335,0.04047938863128081,0.0051735562133894885,0.008241286567375475,0.0029328830690008648,0.02238574957641336,0.012808412501557164,0.00025322429641328674,0.0007207508603239427,0.013155427057347449,0.0009920541598102165,1.4384256413671244e-05,0.002302421106171515,0.007389262448259923,0.0003218780758826998,8.391550555218914e-05,1.3678143421191566e-05,0.0002474786409963467,0.02432873591861533,1.377362800148713e-05,0.0006026683455360037,4.199124028605382e-05,0.0036853143627913576,4.482454295277247e-05,0.0010082148138518558,0.003963270273182345,0.004841935381110108,0.018751850459076052,0.0020845443331768813,0.005726197620675828,5.697326708804056e-05,0.010685472506048888,0.006258140771492142,0.01965012580022683,0.0003585210681104302,0.010729197524607399,0.018729106589471557,0.011725517618588156,0.01826642276055345,0.038083375591627576,0.0015930021959136807,0.018911433783530128,0.0019301019696266375,0.009514472126725135,0.03877547449863555,0.017732744479072554,0.00030324671790839426,0.01005425847835044,0.04715118336138528,0.0030778749343196867,0.0131881564896982,0.02894844668546469,0.029347068464428222,0.01580530013824082,0.010258952745716301,0.008192431674389794,0.04399193793512026,0.036157683656391146,0.021315856380674656,0.0009454880869557347,0.00659067500425553,0.01805023694855409,0.021590284332719728,0.03912625560362363,0.04363758549955643,0.030197602178498737,0.0009531019708672536,0.011858433296579403,,0.0007521862599560554,0.00014897699975382106,0.010183001400702477,0.007146451853067373,0.00320263732644787,0.025084772161566307,0.0060323643753075655,0.034857014743199174,0.01811764359895489,0.007448832212086739,0.04376800000283672,0.010366556133070356,0.00854217899438804,0.009312407884953806,0.02276626125162018,0.0009888748150470137,0.034430438720126924,0.008188610166578155,0.007530103919741295,0.017944986114076276,0.015552842666477266,0.06503174985315882,0.004483583155583872,0.0036410509131336393,0.01469118888591891,4.036987673423694e-05,0.0092596940875016,0.0040356954797271406,2.3300659664617222e-05,0.0012717083094580476,0.00426432977220691,0.0007053023582899763,0.0014539448002221375,0.00032030394172414953,0.0005540505118743648,0.011235372195344106,0.006000310234295591
HYMC,0.07622009353478366,0.036352701189106,0.0003309197106305832,0.06450089814373805,0.04900478224649836,0.15662820731373095,0.011748465775391705,0.00690400900665928,1.0,0.0003070885352612537,0.02423671014576768,0.04640393118847254,0.017831126276963434,0.0070027456468684445,0.043133034654900086,0.08376419492734362,0.014649481865197541,0.053401709837927296,0.014371461871102666,0.0009897063775397208,0.00010597884244451394,0.009136659292226885,0.0032925282894337173,0.0011329084643224255,0.0047800669471030136,0.0002788830259867312,0.001212684559255989,0.002541292674181241,0.02118174498820761,0.011547367489568267,0.04865006259975036,0.04786538512181635,0.04895259441136794,0.000615989405029618,0.0031469007185157666,0.046744379884110614,0.034798445733891605,0.009170205168285112,0.010096160812263225,0.017528046602584973,0.004388807124394385,0.0016447489352166454,0.0024281164672712323,0.0174389509816501,0.05405016259573257,0.03943146046040166,0.00033191541910974486,0.0799214556591345,0.07707639376092475,0.03127450116335584,0.02832120251554054,0.03872930640064577,0.01161895878056385,0.0012814912097748846,0.007582805681315982,0.013862226626249835,0.02867128915411818,0.012898801968954366,0.031546509510879214,0.01993905933529726,0.013323884133658504,0.033328374434545054,0.03270992543893169,0.009741723672196962,0.009337830634608081,0.03596628730038439,0.029271950137386964,0.06030509677659742,0.06073381207242728,0.02318609193126095,0.06000887402653072,0.04311696811964036,0.02941683343211022,0.08681024121679921,0.07997995015467266,0.06062422859592673,0.006815638297008085,0.10374959182238362,0.026111976337860606,0.02150841924743782,,0.00280035732116693,0.013139047129102514,0.010992186071381083,0.02597190463265839,0.002498035139176752,0.012581141541137028,0.005805947043633196,0.06603040008637052,0.022273102111017858,0.022126061910467988,0.04106739880484336,0.023095426925341823,0.023446685692103064,0.021961092845939497,0.01916164713459618,0.056598485004960584,0.010595488559246129,0.007478518072809147,0.008933844997325977,0.05164459212318826,0.07631672114066183,0.0437664516014168,0.02978024069297395,0.014749248591767784,0.014976003106130028,0.0008074148523589584,0.06884458246697224,0.03729412378167531,0.016987890124534426,0.0026309264532564354,0.014422969320400183,0.026276818895992735,0.012204876665891535,0.018676840884492625,0.00798768101747346,0.09591717589542255,0.03449409241658424
ORLY,0.07973527431986323,0.0797385266443163,0.0007730733147199602,0.00024447393571275835,0.0012253137340678805,0.000837819904043981,0.00469632942366413,3.984020472541921e-08,0.0003070885352612537,1.0,0.052666616978648086,0.023449242392380446,0.16661202522370494,0.02184639827426197,0.000715203615961887,0.025911207694941603,0.061338952674683214,0.04225452904910727,0.06663292387993483,0.025397321525446197,0.005507269184482872,0.039376549562909965,0.016661786788725708,0.020054940567663385,0.024722732430542068,0.053558475237112366,0.03401666876601462,0.0823232975785841,0.001678477872403935,0.0097861160814171,0.01742272312531934,0.02630582371352788,0.0002011563567264172,0.0025834371079384655,0.004141258599050159,0.00016940569347507928,0.0038731901852226305,0.0010375573336768003,0.026665985700460967,0.02308225414975493,0.029102791430467154,0.01469013462626741,0.0232364879466548,0.08632164459576018,0.010208903726079339,0.021121196302946548,0.04285643805236045,0.018346085112966454,0.04128565287751183,0.011590198907839435,0.0006284608750422896,0.030928737851782833,0.0024419600968835554,0.038196283114219305,0.020522316046995486,0.032224920295352115,0.049877829728761564,0.048830360328972915,0.03485355093508522,0.0033154005112888633,0.05669072716781597,0.007305429426354894,0.0036708376236730704,0.09569180976347125,0.08504937758390246,0.06870474829916484,0.11624164211924073,0.041270607470591636,0.0004363615128905717,0.007604767863269749,0.0029812762564373004,0.013789184211042636,0.003623126539529608,0.002584333896656736,0.002580154615843662,0.03892963361369015,0.0269486788713239,0.0033274908158681124,0.0014199302407549481,0.025466060569306236,,0.0013518744883480116,0.03586697039939487,0.0022321205877650443,0.00040681428059836396,0.004997490334550492,0.026224309654330865,0.002757255302454994,0.0022354771427278513,0.02922589164262843,0.05483658355427581,0.01414146364746888,0.0310472607150277,0.02712873256414841,0.030484901767877368,0.0668169098222586,0.0029516308323452815,0.007636748778456349,0.020335491355846953,0.018258892689392042,0.0001464061418709004,0.0036589587300010036,0.061069164516094794,0.0073258707257802475,0.024913608181860326,0.044256433354403636,0.03133061979892793,0.0009359864615859567,0.016304842893680685,0.00781289972335331,0.0025228848320316866,0.0037546723361648036,0.013233524118139222,0.02454177841560832,0.02597253245059252,0.0018765697987150635,0.0369435278804448,0.015341699214768448
MAR,0.18239847722507824,0.18718348654338718,0.010162972922520018,0.06482170059251514,0.001216445777259444,0.020351459429197912,0.010500861996885288,0.02479233271902147,0.02423671014576768,0.052666616978648086,1.0,0.17059505699332858,0.1425808354918066,0.06030224440840295,0.10941283479397018,0.09909745082030112,0.09612137027717012,0.13280029756802791,0.2765739998924635,0.012684149173037096,0.0005897589912677418,0.06810522776340673,0.011614552445241764,0.008203089781913196,0.006602338598912955,0.013124616241080526,0.04762570312655094,0.00013102712672450104,0.014283823425512855,0.0621836680329209,0.11575084661234275,0.07890918327715947,0.023405594845683986,0.009864482517127793,0.00033619810876170186,0.08708403619058715,0.05024945485002253,0.00021380683056889402,0.1072395041680149,0.13734546539340892,0.12271228953167887,0.003888520327686594,0.0477593897550196,0.13920784163834293,0.09469060856826722,0.301256382939083,0.00019950188209790894,0.09599349157253215,0.10814769411308849,0.05247566109668552,0.021162738400729946,0.13844346926314824,0.07918324842934941,0.0447664924495851,0.01398493599686792,0.08411412748590665,0.11548051499951503,0.055407465555214634,0.03532063528865545,0.12521386297374357,0.1339067449692308,0.07109661757906732,0.12687039748523857,0.10406658836094977,0.15441598898681866,0.14941321368014204,0.12175182624896927,0.19918581711311745,0.0705503707362418,0.018380212542454623,0.053585808465205886,0.08850607005512337,0.026705541539226947,0.014740514800319038,0.06675048418512021,0.15956247326511486,0.10748907385429321,0.02421900338904953,0.012829307002336948,0.05753705162790209,,0.003490122411617163,0.014542827500015336,0.016159160064054722,0.0003655682758342358,0.0005640320289219858,0.0359315923498735,1.087688927686731e-05,0.12361924656232849,0.07894487654007437,0.1178767570422015,0.1705450785381606,0.1265195723662317,0.10578274073775258,0.10401440190528191,0.14613938271329016,0.06687557342018487,0.14337437460568833,0.06644626546665536,0.06767342125508997,0.053873996822049325,0.1298556140830066,0.3218288598322372,0.06734607538808757,0.06098013345568863,0.08785770666140884,0.00855788963859789,0.060507626585812074,0.016824766230643683,0.0874966043023709,0.003965897436054963,5.748942782191706e-12,0.0027190565399382353,9.163371742327454e-09,0.0003438790026547798,0.07445345854432844,0.11096051690416521,0.07112182774276475
DASH,0.06501709988665626,0.08830421200604437,0.010745625298313034,0.07237220467201916,0.004740790786379516,0.029248282228179455,0.003541614331121997,0.02419949461172741,0.04640393118847254,0.023449242392380446,0.17059505699332858,1.0,0.1053094151563869,0.06767872332134457,0.03624404600625804,0.142505943628512,0.11703094423197907,0.2573385819056661,0.17657993906186917,0.00494340853252386,0.07221239919627866,0.0596396813106728,7.468879254927343e-05,0.0002132363133834012,0.006635244336646146,0.028055234614407672,0.0019041835780842572,0.01915116168370593,0.0009630145828208566,0.02466520461210973,0.12001125064248877,0.008387933996340054,0.0071901784343978824,0.0036343856791508145,2.942472946116231e-05,0.009619369478497284,0.0029366580701933767,0.005146478021288238,0.010461715712625065,0.041125780838110394,0.009804266182452425,0.0008409239413434077,4.850188524824739e-05,0.059723589666588216,0.13143502232073864,0.19567445415292667,0.02332752151423427,0.13294164979847048,0.07247713392935926,0.03707026926372513,0.023396076114192244,0.0664662948292699,0.12939296501295414,2.1057998587136207e-05,0.001075363764455686,0.002343068173932345,0.1529408294348716,0.005377401570026127,0.0005591113324532133,0.03192852612268077,0.06166855283702799,0.005938262335717756,0.04213092051297541,0.04388420862197517,0.02678777481260345,0.024184726192724347,0.06006893395219133,0.14574957651182086,0.014519003648384501,0.005935758296369223,0.059493991351258095,0.04017652391463001,0.019150014157550677,0.008875051102662634,0.05436178558231127,0.09704814982146963,0.1253424203160579,0.04517725420494673,0.006525697543954722,0.011897379250257458,,0.0003774668535350554,0.005632159742855984,0.016473070813671335,0.0026572886095141235,0.00010321611535057102,0.04803677673881343,0.003145524693783306,0.12375555782155408,0.07271448468003586,0.10924086845575337,0.15484265024822327,0.15886320268824858,0.11289827994482533,0.09672857094647108,0.14932481332852834,0.10340363329227084,0.08827742991211475,0.0063043298521274875,0.006277446409155964,0.006179406064016517,0.12167334074237868,0.11840543494069596,1.7830453835005074e-07,0.003650793683606003,0.03883916923356489,0.0008133139611848868,0.010594786833573075,0.002465387019278714,0.09987516141941295,0.010669942813029241,0.005141952666101289,0.011524694358753097,0.008833365460084803,0.001630238641671086,0.06431249021172054,0.03534475230469802,0.038304451503009804
CTAS,0.11674275431690237,0.1618888824013585,0.007109285830581751,0.07658699257298911,0.0040872725504394235,0.011559939655026248,0.006082901089186411,0.005160963804448335,0.017831126276963434,0.16661202522370494,0.1425808354918066,0.1053094151563869,1.0,0.027957303347901082,0.06259220608909574,0.1098056876750135,0.28742827716344244,0.14402162278813121,0.1451094711455323,0.09307101988181878,0.00026700924132040313,0.12011084655925858,0.004493159506017367,0.048570685343444886,0.016025577509642966,0.05286127788990752,0.06030469064945638,0.04111263705837288,0.00011846632739813009,0.020578970362170858,0.19529036389687982,0.02477928563649017,0.006244847967781673,0.006245389506212512,0.004759826236583642,0.012277166570558658,0.008494467824513078,0.0053755583224292525,0.035426244473244446,0.06947794310588759,0.04346643588741417,0.012208754967059879,0.04110199224073466,0.173609953435732,0.041351643090248726,0.08837106446439227,0.0018273034981733918,0.03477923624808539,0.11164807609992153,0.02166539431766556,0.07767481708098532,0.12202410929325085,0.12369392577999268,0.07488537130171785,0.034922313260273556,0.13006274481485697,0.24196677766423252,0.08160272704216323,0.020570361401125715,0.05010512170745112,0.10162507143145454,0.009701573978283029,0.04876250648962604,0.24008211314931524,0.09566601869444588,0.18750781091345708,0.2350494271268622,0.13594160631188584,0.0073974688988876665,0.004572888630225509,0.018784768983626278,0.05581949100397201,0.038352803086237834,0.018467773545994885,0.012252995750703842,0.1607838382799997,0.09382984998577742,0.023226320985501446,0.017785402162632507,0.13746791220260887,,0.025979933469052245,0.10318549641956715,0.0335931559549439,0.03450621478466143,0.004547612053120047,0.08577211243240145,0.016329335636843238,0.08051726330483952,0.12092696449328497,0.11873066339574984,0.1456719364628597,0.102689102790488,0.06875933637078505,0.07209883865440544,0.16690635714994195,0.06568625382698579,0.05360327539798504,0.033577513394088314,0.0320738490701773,0.042078613908071355,0.041921222494436396,0.2075249961893955,0.01939714956169533,0.03651420547060824,0.08701316142785351,0.0799758971636138,0.02202786082289911,0.08042190507990479,0.08721439711200024,0.03766655996913345,0.026941626320555353,0.04180926827841751,0.04164550342712236,0.06428540147302726,0.05248515716939281,0.16653198818250356,0.05621252282972697
SBUX,0.05011071333256268,0.02872541887316465,0.005207173018899476,0.03944176738404626,0.014831733221220582,0.02105248630811098,0.009823232855272668,0.04047938863128081,0.0070027456468684445,0.02184639827426197,0.06030224440840295,0.06767872332134457,0.027957303347901082,1.0,0.01700292751716908,0.00018000860234144365,0.05901509959341281,0.02003139517054898,0.058060616917814556,0.00606285428440243,0.0022320169318401284,0.024001820754572637,0.02134225727093232,0.058545872942811876,0.023825259397989445,0.028096574502104076,0.03047566251732625,0.032220075689901775,0.0008486197060959147,0.0008717902250915709,0.03018234336780082,0.008699137035581506,0.005286542832233063,0.008310680906646703,0.0016436857692738948,0.01040188501954299,0.0004922875532649645,0.004500129235258618,0.007757259891587997,0.03958194474856506,0.005433707581486375,0.01773268625457429,0.010960763472942316,0.02613551655528196,0.04258654410973879,0.027385537133865233,0.00011245277377903463,0.042287761043654525,0.050253040750920984,0.004436536058829039,0.01307459338130304,0.026716162870290477,0.014654397337918191,0.003028159675626276,0.0009089794322073647,0.03170130381134476,0.038234700942650524,0.01913707687372136,0.007939670359684643,0.00972172052066049,0.020071364154381776,0.010652537304819795,0.020022787005930295,0.0232202926338813,0.05416918642278154,0.08735251784850756,0.06309549369281617,0.009475606289859259,0.011957201669737934,0.01265681408180299,3.8301486975981335e-07,0.0015239892610165065,0.0064879178282430785,0.023674920718130987,0.06562105662511673,0.023866590523602203,0.026024809204526437,0.035506188266260896,0.006084152465546154,0.037049249002244974,,5.3174148487954025e-05,0.045932731070832136,0.0003269944959386989,0.013925617537538798,0.0012310047469611851,0.019054581342101785,5.57923870583811e-06,0.005629182829942989,0.003409928761457339,0.005265749032166105,0.00818145516926969,0.0007489795747166589,0.010367415723733106,0.008865785834122291,0.009225258081972098,0.0008221636410257954,0.03955074800886879,0.021691228324590292,0.020425382249983172,0.0014154846475276646,0.05397863112696422,0.03972981972779286,0.05171316989252553,0.020776663405512028,0.05980399179141611,0.05894140939901563,0.06945421645994221,0.038069529201000436,0.002878235353194328,0.002689890786929317,0.011710136719497556,0.033103561499923606,0.028699243957630537,0.014376809228686964,0.006097032496530873,0.029305262659943133,0.019868718081479934
TSLA,0.05151321313374281,0.10433488053580615,0.01625382233354476,0.03766948877232874,0.0010473103546346347,0.017711456486943746,0.018575793659936182,0.0051735562133894885,0.043133034654900086,0.000715203615961887,0.10941283479397018,0.03624404600625804,0.06259220608909574,0.01700292751716908,1.0,0.11186817457962926,0.0803194261319306,0.10961609959184958,0.06019603724561877,0.024021033876300696,9.53963385186591e-05,0.024955113395558427,0.02035201240420444,0.015605894541145016,0.002706673621680736,0.009086793526317964,0.017275639331579603,0.0004711881620741155,1.4342118067531184e-05,0.009390479277946291,0.029842389626770018,0.04269512621586005,0.010875874549925921,0.0020256544937256736,0.0008920952462794472,0.0386704102248403,0.008505435716672232,0.0003156195186689364,0.04917665440241668,0.02671101921648977,0.031167968824580096,0.0005512186321044115,0.004952509125188645,0.05877291196453997,0.07307208304413738,0.09115467006182126,0.005280777717026989,0.10233690954681687,0.0458778181979844,0.00427588267317144,0.016083422080016282,0.07503195064601727,0.08326243636773674,0.01018680024120024,2.8107151587242603e-05,0.00325725837145735,0.07021007398130993,0.03091409111331185,0.013745876543215983,0.018428646153782657,0.056656989566245534,0.018831630425228528,0.0214107535815236,0.012625452142024998,0.0076777165171796205,0.05194828624675605,0.006597186569063188,0.07281832380783779,0.004381892276656043,0.005804212779189215,0.05664142484471927,0.047124394559326814,0.026428626993078026,0.07929968281760116,0.06601406042164906,0.08547184943105415,0.0856422098179993,0.015173033978656084,0.006057813990779507,0.017696251298297817,,0.008028763434484203,0.015947118991895146,0.00030555006683187307,0.0009457567097676344,0.0014967473981214827,0.04577616113486197,0.004411945515867915,0.1017216295543078,0.06307551917249407,0.08958981719007175,0.1493086988810694,0.06792676575455064,0.09163914422505058,0.09486040556462297,0.08649862117082886,0.03809119392306394,0.1470315201740409,0.03698233067094287,0.03685526004332335,0.04752595057081256,0.12159405952137291,0.10757234138128134,0.02170295254263931,0.0352860314627651,0.01395969119709786,0.0015601141450851679,0.016206550174907814,0.022196323086355392,0.03134671783553976,0.00020785913359181682,7.374940451136166e-05,0.0006917984637776407,0.003524932378784044,0.00252634610491516,0.0618789087841865,0.03161416183676081,0.036331206722006106
NFLX,0.0289357185362413,0.051961396250128584,0.012946181058067396,0.0702140316661581,0.0023374692186393774,0.0473121604529082,0.010909506888244491,0.008241286567375475,0.08376419492734362,0.025911207694941603,0.09909745082030112,0.142505943628512,0.1098056876750135,0.00018000860234144365,0.11186817457962926,1.0,0.1428892809940636,0.23923972279294756,0.15358312001076793,0.006904275034951881,0.03389681387725894,0.05026242635104907,0.010621784024595956,9.033500534987626e-05,0.012651244742863547,5.919880482037272e-06,0.0018683990009174078,0.014420864821906484,0.0030389374957580074,0.026559803561722273,0.06940778239100485,0.07667582394438369,0.02282822833724459,2.944182713114398e-05,0.0002098875067729034,0.016402965368558835,0.04015126910617583,0.0005118772646391626,0.040981557655608264,7.96036376311744e-06,0.02018349950198011,0.0018454214966909957,0.008984073907519805,0.045201848603776296,0.06705271508221247,0.15033915546134177,1.4803279725076224e-05,0.11148720829489314,0.05588481203041346,0.018761700033856736,0.03329613534201031,0.06875384101780617,0.12655580917717424,0.020450600720274725,0.00011461897561320102,0.014611175897940776,0.21797817645436535,0.03939753832894653,0.025767017765962963,0.0771144949541265,0.040736588821718545,0.02042417366321014,0.07175391806878223,0.07302865529135726,0.018122056254135842,0.042737499889516244,0.07330430072279155,0.19145105263123863,0.005505957793576303,0.0018398569019333056,0.06757756727028486,0.058188727895669805,0.0011289216713253035,0.017311895527493574,0.02538408477669668,0.0614015223923625,0.07735404823973518,0.01801377368661226,0.0004922170348624275,0.010290496073404687,,0.0005049874812582905,0.0016986714280522045,0.014867188329334282,0.00537336085972453,0.0022790724256678443,0.03001162796194879,0.0001406249126501613,0.1368701634085949,0.1743497189330772,0.13682448770043368,0.20130528010616205,0.25109827609275986,0.16476035216282126,0.15186948486751828,0.2310932102965063,0.1917913013388341,0.09335203711977455,0.0005311707763054888,0.000629592850491468,0.02194298813340933,0.08374187258181304,0.14191392368345038,0.004677128754764919,0.006847431269796243,0.03310730338453126,0.0027366236291004975,0.01518430575491249,0.0002800157368021347,0.10426097663184875,0.010362658816611659,0.011837374439503123,0.0021869823731963623,0.01331726329270352,0.000458760834345088,0.07402776672886292,0.05243894529052678,0.02042881958373222
